54854 20240101  2.622  -84.72   44.91    -3.9    -7.1    -5.5    -5.4     0.0     1.50 C    -2.1    -6.0    -4.3    89.1    78.6    83.7 -99.000   0.190   0.151   0.141   0.150     0.2     1.2     1.8     3.1     4.0
54854 20240102  2.622  -84.72   44.91     0.3    -4.8    -2.2    -2.7     0.0     3.23 C     2.4    -5.7    -2.4    95.1    70.3    85.2 -99.000   0.187   0.150   0.139   0.148     0.0     0.9     1.5     2.8     3.7
54854 20240103  2.622  -84.72   44.91    -1.0    -7.4    -4.2    -3.2     2.4     1.93 C    -0.2    -7.2    -2.9    95.6    67.0    84.5 -99.000   0.187   0.148   0.137   0.146    -0.1     0.8     1.3     2.6     3.6
54854 20240104  2.622  -84.72   44.91    -5.2    -8.3    -6.7    -6.6     0.0     1.53 C    -4.4   -10.5    -6.3    84.3    68.2    75.2 -99.000   0.184   0.147   0.137   0.144    -0.2     0.7     1.2     2.4     3.4
54854 20240105  2.622  -84.72   44.91    -3.1    -6.3    -4.7    -4.3     0.0     1.43 C    -2.3    -6.1    -4.1    89.7    73.4    78.7 -99.000   0.168   0.146   0.136   0.142    -0.2     0.5     1.1     2.3     3.3
54854 20240106  2.622  -84.72   44.91    -1.8    -4.3    -3.0    -3.2     2.0     1.91 C    -1.4    -6.4    -3.3    96.7    85.5    91.7 -99.000   0.169   0.145   0.134   0.141    -0.2     0.4     1.0     2.2     3.1
54854 20240107  2.622  -84.72   44.91    -0.8    -4.1    -2.4    -2.3     0.6     2.14 C    -0.2    -5.0    -2.7    96.6    85.9    92.4 -99.000   0.170   0.145   0.134   0.139    -0.2     0.4     0.9     2.1     3.0
54854 20240108  2.622  -84.72   44.91    -2.0    -3.5    -2.8    -2.7     0.0     0.83 C    -1.7    -3.8    -2.7    95.6    90.4    93.8 -99.000   0.169   0.145   0.134   0.137    -0.2     0.5     0.9     2.0     2.9
54854 20240109  2.622  -84.72   44.91    -0.4    -3.6    -2.0    -1.3    11.5     0.65 C    -0.5    -3.8    -1.6    95.4    87.0    91.9 -99.000   0.168   0.145   0.134   0.137    -0.2     0.6     1.0     2.0     2.8
54854 20240110  2.622  -84.72   44.91    -3.3    -5.6    -4.5    -4.4     3.2     2.12 C    -3.4    -6.2    -4.9    93.4    78.2    86.5 -99.000   0.168   0.145   0.134   0.135    -0.2     0.7     1.1     2.0     2.8
54854 20240111  2.622  -84.72   44.91    -2.1    -4.8    -3.5    -3.6     4.1     1.89 C    -1.2    -6.4    -3.8    94.9    82.3    90.4 -99.000   0.167   0.146   0.133   0.134    -0.2     0.8     1.2     2.0     2.7
54854 20240112  2.622  -84.72   44.91    -2.1    -6.8    -4.4    -4.7     9.1     0.48 C    -2.3   -11.6    -5.3    93.9    79.6    89.9 -99.000   0.174   0.146   0.133   0.133    -0.1     0.9     1.3     2.1     2.7
54854 20240113  2.622  -84.72   44.91    -6.8   -11.1    -9.0    -8.9     9.0     4.49 C    -7.2   -13.1    -9.2    89.7    71.6    84.4 -99.000   0.185   0.145   0.132   0.133     0.1     1.0     1.4     2.1     2.7
54854 20240114  2.622  -84.72   44.91    -8.4   -13.6   -11.0   -10.3     8.1     3.03 C    -8.4   -14.1   -10.9    88.6    70.7    83.4 -99.000   0.185   0.145   0.132   0.132     0.2     1.0     1.4     2.1     2.7
54854 20240115  2.622  -84.72   44.91   -11.5   -13.9   -12.7   -13.2     0.0     3.64 C   -12.5   -19.1   -14.3    81.9    62.7    75.3 -99.000   0.185   0.145   0.132   0.132     0.3     1.1     1.4     2.1     2.7
54854 20240116  2.622  -84.72   44.91   -13.2   -16.2   -14.7   -15.1     0.2     4.12 C   -14.0   -21.9   -16.9    84.5    62.3    74.1 -99.000   0.185   0.145   0.132   0.131     0.4     1.1     1.5     2.2     2.7
54854 20240117  2.622  -84.72   44.91   -11.5   -17.4   -14.4   -13.7     0.5     3.12 C   -11.8   -22.6   -15.2    85.1    64.5    79.5 -99.000   0.184   0.145   0.132   0.131     0.4     1.1     1.5     2.2     2.7
54854 20240118  2.622  -84.72   44.91    -9.3   -12.3   -10.8   -10.8     0.2     1.70 C    -9.9   -16.6   -11.8    87.5    71.8    83.6 -99.000   0.184   0.145   0.132   0.131     0.4     1.1     1.5     2.2     2.7
54854 20240119  2.622  -84.72   44.91   -11.5   -19.5   -15.5   -14.4     0.0     5.90 C   -12.6   -31.5   -18.1    87.8    65.3    78.5 -99.000   0.183   0.144   0.132   0.130     0.4     1.1     1.5     2.2     2.7
54854 20240120  2.622  -84.72   44.91    -8.3   -18.0   -13.1   -12.0     0.4     5.29 C    -8.5   -27.9   -14.6    88.1    67.2    79.9 -99.000   0.183   0.144   0.132   0.130     0.3     1.1     1.4     2.2     2.7
54854 20240121  2.622  -84.72   44.91    -5.4   -12.5    -9.0    -8.9     0.0     7.05 C    -6.4   -21.8   -12.5    91.6    46.6    75.3 -99.000   0.182   0.143   0.131   0.130     0.2     1.0     1.4     2.1     2.7
54854 20240122  2.622  -84.72   44.91    -2.5    -9.3    -5.9    -6.0     0.0     1.08 C    -3.6   -12.3    -6.6    87.5    72.7    81.2 -99.000   0.182   0.143   0.131   0.129     0.3     1.0     1.3     2.1     2.6
54854 20240123  2.622  -84.72   44.91    -1.5    -3.8    -2.7    -2.5     2.7     1.88 C    -1.6    -3.8    -2.7    97.1    87.3    93.8 -99.000   0.182   0.143   0.131   0.128     0.4     1.1     1.4     2.1     2.6
54854 20240124  2.622  -84.72   44.91     0.2    -1.6    -0.7    -0.7     0.0     2.21 C     0.2    -1.7    -0.6   100.0    96.4    98.4 -99.000   0.182   0.143   0.130   0.127     0.4     1.1     1.4     2.1     2.6
54854 20240125  2.622  -84.72   44.91     1.4    -1.7    -0.2    -0.4     0.0     3.49 C     0.4    -1.5    -0.4    99.9    93.2    97.4 -99.000   0.183   0.143   0.130   0.127     0.4     1.1     1.4     2.1     2.6
54854 20240126  2.622  -84.72   44.91     2.8    -0.4     1.2     1.1     2.3     2.68 C     0.5    -0.2     0.1    99.6    86.9    96.1 -99.000   0.188   0.145   0.131   0.127     0.4     1.1     1.4     2.1     2.6
54854 20240127  2.622  -84.72   44.91     2.2     0.3     1.3     1.0     0.5     1.81 C     0.7     0.0     0.1    99.2    96.2    97.6 -99.000   0.194   0.152   0.136   0.127     0.4     1.1     1.4     2.0     2.6
54854 20240128  2.622  -84.72   44.91     0.8    -1.9    -0.5    -0.6     0.2     3.30 C     0.3    -3.3    -0.6    99.6    82.9    94.3 -99.000   0.195   0.155   0.141   0.129     0.4     1.1     1.4     2.0     2.6
54854 20240129  2.622  -84.72   44.91     1.6    -2.1    -0.3    -0.8     0.4     4.75 C     0.5    -3.6    -1.5    95.6    75.4    88.9 -99.000   0.195   0.154   0.143   0.135     0.4     1.1     1.4     2.0     2.5
54854 20240130  2.622  -84.72   44.91     0.7    -0.8    -0.1    -0.1     1.2     1.34 C     0.3    -0.9    -0.1    99.0    94.0    97.4 -99.000   0.194   0.154   0.144   0.139     0.4     1.1     1.4     2.0     2.5
54854 20240131  2.622  -84.72   44.91     3.3    -0.4     1.4     0.8     0.0     4.59 C     0.5    -1.3    -0.1    99.2    71.4    90.0 -99.000   0.194   0.154   0.143   0.141     0.4     1.1     1.4     2.0     2.5
54854 20240201  2.622  -84.72   44.91     2.8    -2.3     0.2     1.1     0.0     2.06 C     0.4    -1.4     0.0    96.9    80.1    91.2 -99.000   0.196   0.154   0.143   0.142     0.4     1.1     1.4     2.0     2.5
54854 20240202  2.622  -84.72   44.91     1.9    -4.6    -1.4    -2.3     0.0     8.89 C     0.6    -9.2    -3.2    92.8    51.1    77.0 -99.000   0.197   0.157   0.146   0.146     0.4     1.1     1.3     2.0     2.5
54854 20240203  2.622  -84.72   44.91     6.1    -8.6    -1.3    -2.2     0.0    10.54 C     1.2   -10.8    -5.7    96.3    40.9    79.1 -99.000   0.195   0.155   0.146   0.149    -0.1     0.7     1.1     1.9     2.4
54854 20240204  2.622  -84.72   44.91     7.7    -7.0     0.3    -0.9     0.0    11.66 C     1.3   -10.8    -4.7    97.7    21.7    77.1 -99.000   0.176   0.153   0.144   0.150    -0.3     0.5     0.8     1.7     2.4
54854 20240205  2.622  -84.72   44.91     4.3    -5.2    -0.5    -1.7     0.0    10.02 C     1.2    -6.0    -3.0    97.3    62.4    86.2 -99.000 -99.000   0.151   0.142   0.150    -0.3     0.4     0.7     1.6     2.3
54854 20240206  2.622  -84.72   44.91     4.4    -3.9     0.2    -0.7     0.0     6.85 C     1.7    -6.0    -1.3    98.0    63.8    89.0 -99.000   0.176   0.151   0.140   0.148    -0.3     0.4     0.7     1.6     2.2
54854 20240207  2.622  -84.72   44.91     7.5    -1.0     3.3     2.5     0.0     6.36 C     2.9    -4.1    -0.4    87.4    45.4    70.9 -99.000   0.178   0.153   0.140   0.147    -0.3     0.4     0.6     1.5     2.2
54854 20240208  2.622  -84.72   44.91    10.6     1.5     6.1     6.4     0.0     7.65 C     5.7    -2.1     1.8    73.9    44.1    62.4 -99.000   0.185   0.164   0.145   0.146    -0.3     0.5     0.7     1.5     2.1
54854 20240209  2.622  -84.72   44.91     9.3     1.8     5.6     4.7     0.4     3.13 C    10.4     1.2     3.8    89.2    58.8    74.4 -99.000   0.211   0.175   0.161   0.163     0.8     1.3     1.3     1.5     2.0
54854 20240210  2.622  -84.72   44.91     1.8    -3.2    -0.7    -1.4     1.0     1.75 C     1.2    -2.9    -0.9    93.9    74.8    82.8 -99.000   0.201   0.160   0.150   0.164     0.6     1.2     1.5     1.8     2.1
54854 20240211  2.622  -84.72   44.91    -2.2    -6.2    -4.2    -3.7     0.0     1.45 C    -0.6    -8.1    -3.1    89.9    71.2    81.0 -99.000   0.182   0.155   0.145   0.158    -0.2     0.6     1.0     1.7     2.1
54854 20240212  2.622  -84.72   44.91     2.7    -7.6    -2.4    -2.3     0.0     5.68 C     8.1    -9.6    -2.5    93.4    51.4    75.9 -99.000 -99.000   0.151   0.142   0.154    -0.4     0.3     0.7     1.6     2.1
54854 20240213  2.622  -84.72   44.91    -1.7    -9.3    -5.5    -3.9     0.0     5.55 C     3.4   -10.7    -2.8    85.5    48.3    69.2 -99.000 -99.000   0.150   0.139   0.150    -0.4     0.2     0.6     1.4     2.0
54854 20240214  2.622  -84.72   44.91    -0.3   -11.8    -6.1    -5.2     0.0     6.60 C     7.1   -11.9    -3.4    87.1    54.6    71.4 -99.000 -99.000   0.137   0.137   0.147    -0.5     0.1     0.5     1.3     2.0
54854 20240215  2.622  -84.72   44.91    -0.5    -6.0    -3.2    -2.7    14.0     2.85 C    -0.2    -8.4    -3.2    94.7    61.5    83.8 -99.000 -99.000   0.125   0.136   0.145    -0.5     0.1     0.4     1.2     1.9
54854 20240216  2.622  -84.72   44.91    -5.9   -11.9    -8.9    -7.4     0.9     3.38 C    -6.5   -22.0    -9.1    85.7    68.0    76.3 -99.000 -99.000   0.122   0.134   0.143    -0.5     0.1     0.4     1.2     1.9
54854 20240217  2.622  -84.72   44.91    -4.3   -13.6    -9.0    -9.7     4.5     6.31 C    -6.1   -22.7   -10.9    90.1    54.1    78.8 -99.000 -99.000 -99.000   0.134   0.141    -0.5     0.1     0.4     1.1     1.8
54854 20240218  2.622  -84.72   44.91    -2.3    -8.1    -5.2    -4.7     0.3     2.95 C    -3.1   -11.5    -6.5    85.0    59.6    70.9 -99.000 -99.000 -99.000   0.134   0.139    -0.5     0.1     0.4     1.1     1.8
54854 20240219  2.622  -84.72   44.91     1.3   -10.1    -4.4    -5.0     0.0    10.91 C     0.5   -19.9   -11.8    85.9    41.8    69.0 -99.000 -99.000 -99.000   0.133   0.138    -0.5     0.1     0.3     1.1     1.8
54854 20240220  2.622  -84.72   44.91     5.7    -6.9    -0.6    -0.5     0.0    12.44 C     1.2   -17.4    -6.4    82.4    41.5    64.6 -99.000 -99.000 -99.000   0.133   0.136    -0.5     0.1     0.3     1.1     1.7
54854 20240221  2.622  -84.72   44.91     9.7    -1.7     4.0     3.6     0.5     7.26 C     3.8    -5.7    -1.2    97.7    47.3    68.7 -99.000 -99.000 -99.000   0.133   0.135    -0.5     0.1     0.3     1.1     1.7
54854 20240222  2.622  -84.72   44.91     9.2    -3.1     3.1     2.6     0.0    12.63 C    11.7    -6.3    -0.3    99.6    37.2    73.6 -99.000 -99.000 -99.000   0.134   0.134    -0.5     0.1     0.3     1.1     1.7
54854 20240223  2.622  -84.72   44.91     2.4   -13.1    -5.3    -5.0     0.0    11.99 C     5.4   -11.0    -3.2    87.7    37.5    62.7 -99.000 -99.000 -99.000   0.140   0.134    -0.5     0.1     0.3     1.0     1.6
54854 20240224  2.622  -84.72   44.91    -2.7   -16.2    -9.4    -8.6     0.0    14.38 C     7.7   -13.8    -5.0    83.1    40.8    58.6 -99.000 -99.000 -99.000   0.140   0.135    -0.6     0.0     0.3     1.0     1.6
54854 20240225  2.622  -84.72   44.91     6.5    -5.3     0.6    -0.2     0.0    10.20 C    13.1    -6.0     0.2    82.8    46.7    68.3 -99.000 -99.000 -99.000   0.138   0.136    -0.6    -0.1     0.2     1.0     1.6
54854 20240226  2.622  -84.72   44.91     8.4    -5.2     1.6     2.1     0.0    13.15 C    11.4    -8.0     0.5    81.9    27.7    57.3 -99.000 -99.000 -99.000   0.137   0.136    -0.6    -0.1     0.2     0.9     1.6
54854 20240227  2.622  -84.72   44.91    19.4     6.4    12.9    12.2     0.0    13.11 C    21.9     1.0     8.7    82.8    42.5    63.9 -99.000 -99.000 -99.000   0.139   0.136    -0.5     0.2     0.3     0.9     1.5
54854 20240228  2.622  -84.72   44.91    12.4   -11.3     0.5    -6.6    16.9     7.77 C     8.8   -15.0    -5.9    96.7    61.0    82.6 -99.000   0.196   0.165   0.151   0.142    -0.5     0.6     0.7     1.1     1.5
54854 20240229  2.622  -84.72   44.91    -4.4   -11.7    -8.1    -8.3     0.0    11.31 C    -2.8   -14.5    -8.6    75.3    44.9    58.8 -99.000 -99.000   0.140   0.151   0.155    -0.5     0.2     0.5     1.1     1.5
54854 20240301  2.622  -84.72   44.91     8.8    -4.5     2.2     1.6     0.0    15.48 C    11.1    -9.3    -1.4    71.3    27.6    50.1 -99.000 -99.000 -99.000   0.148   0.155    -0.4     0.2     0.4     1.1     1.5
54854 20240302  2.622  -84.72   44.91    11.2     0.9     6.1     5.1     0.0    14.18 C    20.1    -2.7     5.0    77.6    46.9    58.6 -99.000 -99.000   0.159   0.149   0.155     1.3     1.3     1.0     1.1     1.5
54854 20240303  2.622  -84.72   44.91    11.4     1.5     6.5     5.6     0.0     8.12 C    15.9    -1.9     4.8    97.2    61.7    82.3   0.171   0.197   0.156   0.147   0.156     2.3     2.2     1.9     1.5     1.6
54854 20240304  2.622  -84.72   44.91    19.4     2.1    10.8    10.9    27.5    12.82 C    26.7     0.9    11.1    96.0    51.7    75.8   0.182   0.198   0.155   0.144   0.154     5.5     4.4     3.4     2.1     1.9
54854 20240305  2.622  -84.72   44.91     8.1    -0.3     3.9     3.1    26.7    10.51 C    16.6    -2.2     4.6    95.9    46.0    80.9   0.246   0.236   0.189   0.167   0.173     5.1     4.8     4.5     3.3     2.6
54854 20240306  2.622  -84.72   44.91     8.7    -2.8     3.0     2.0     0.0    15.73 C    17.5    -5.2     2.5    90.6    19.5    55.6   0.182   0.204   0.162   0.150   0.163     3.5     3.6     3.7     3.4     3.1
54854 20240307  2.622  -84.72   44.91     9.7    -2.6     3.6     3.1     0.0    15.26 C    18.1    -5.4     3.6    81.3    39.1    58.8   0.167   0.196   0.155   0.145   0.156     2.9     3.0     3.1     3.2     3.1
54854 20240308  2.622  -84.72   44.91     7.8    -0.3     3.7     2.9    13.6     5.12 C    13.9    -2.8     3.5    97.1    54.3    77.2   0.175   0.197   0.154   0.142   0.152     3.2     3.3     3.3     3.2     3.1
54854 20240309  2.622  -84.72   44.91     1.8    -3.6    -0.9    -0.8    10.3     4.49 C     3.2    -4.2    -0.3    97.7    88.7    94.4   0.216   0.219   0.174   0.152   0.152     2.3     2.8     3.1     3.2     3.2
54854 20240310  2.622  -84.72   44.91     0.4    -5.7    -2.6    -3.2     1.1    11.63 C     5.4    -6.6    -3.4    90.6    53.5    74.1   0.191   0.208   0.165   0.151   0.160     1.6     2.0     2.4     2.9     3.1
54854 20240311  2.622  -84.72   44.91    12.6    -7.4     2.6     2.4     0.0    15.64 C    19.4    -8.6     1.8    86.7    29.2    59.1 -99.000   0.202   0.160   0.147   0.157     1.7     1.8     2.0     2.6     2.9
54854 20240312  2.622  -84.72   44.91    20.5     1.1    10.8    10.0     0.0    15.17 C    26.7    -3.8     7.9    83.9    26.8    58.3   0.167   0.198   0.157   0.145   0.154     4.0     3.2     2.8     2.6     2.8
54854 20240313  2.622  -84.72   44.91    16.0     1.3     8.7     8.7     0.0    16.98 C    26.1    -4.2     7.5    79.0    19.2    46.1   0.160   0.194   0.153   0.142   0.151     5.3     4.5     4.1     3.2     3.0
54854 20240314  2.622  -84.72   44.91    10.2     0.9     5.5     5.6     0.0     4.50 C    11.6    -2.7     3.7    77.0    42.1    56.9   0.156   0.191   0.150   0.140   0.148     4.1     4.1     4.1     3.7     3.4
54854 20240315  2.622  -84.72   44.91     4.5    -2.9     0.8     0.1     0.0    12.44 C    20.9    -5.9     1.5    96.5    54.6    78.0   0.153   0.189   0.149   0.138   0.146     3.2     3.3     3.5     3.6     3.5
54854 20240316  2.622  -84.72   44.91     8.6    -0.9     3.8     2.7     0.4     6.48 C    16.1    -2.2     3.0    84.5    51.1    67.6   0.151   0.187   0.148   0.137   0.144     3.0     3.1     3.2     3.4     3.5
54854 20240317  2.622  -84.72   44.91    -0.5    -6.5    -3.5    -4.0     3.9     6.13 C    -0.8    -8.9    -4.4    91.1    59.5    75.8   0.155   0.188   0.147   0.136   0.142     1.7     2.4     2.8     3.3     3.4
54854 20240318  2.622  -84.72   44.91    -2.9    -5.5    -4.2    -4.4     0.5     8.11 C     0.8    -7.1    -4.1    92.0    61.9    77.1   0.157   0.189   0.148   0.136   0.140     1.1     1.6     2.1     2.9     3.3
54854 20240319  2.622  -84.72   44.91     0.7    -5.0    -2.1    -2.1     1.2     4.66 C     0.6   -11.2    -3.0    90.0    51.5    72.5 -99.000   0.189   0.148   0.135   0.139     0.6     1.2     1.7     2.6     3.1
54854 20240320  2.622  -84.72   44.91    -4.1    -9.5    -6.8    -7.5     7.7     9.88 C    -3.0   -15.5    -8.7    87.7    53.9    75.9 -99.000   0.188   0.148   0.136   0.138     0.2     1.0     1.4     2.3     2.9
54854 20240321  2.622  -84.72   44.91    -3.9    -9.8    -6.9    -7.3     0.0    14.45 C    -0.4   -18.0    -9.5    79.3    38.8    56.8 -99.000   0.188   0.148   0.135   0.137     0.2     0.9     1.2     2.1     2.7
54854 20240322  2.622  -84.72   44.91    -2.7    -8.5    -5.6    -5.1     3.5     3.66 C    -2.7   -13.1    -5.9    90.2    60.8    82.9 -99.000   0.187   0.146   0.135   0.136    -0.1     0.6     1.1     1.9     2.6
54854 20240323  2.622  -84.72   44.91    -2.0   -10.0    -6.0    -5.6     0.2    17.06 C     0.7   -21.6    -9.5    94.3    35.9    63.3 -99.000   0.187   0.146   0.134   0.136    -0.1     0.6     1.0     1.8     2.4
54854 20240324  2.622  -84.72   44.91     0.2    -9.8    -4.8    -4.6     0.8    13.32 C     0.7   -16.4    -6.3    88.0    47.9    71.0 -99.000 -99.000   0.146   0.135   0.135    -0.2     0.4     0.8     1.7     2.3
54854 20240325  2.622  -84.72   44.91    12.8    -3.2     4.8     4.9     0.0    11.20 C     8.9    -4.7     1.5    80.3    41.7    55.5 -99.000 -99.000   0.152   0.134   0.134     0.2     0.5     0.7     1.5     2.2
54854 20240326  2.622  -84.72   44.91    12.8     1.9     7.4     7.5    10.2     4.28 C    16.8     2.0     6.3    92.8    41.8    76.7   0.208   0.215   0.169   0.148   0.134     3.3     2.8     2.1     1.8     2.1
54854 20240327  2.622  -84.72   44.91     1.9    -3.5    -0.8    -1.6     0.0     3.94 C     3.4    -4.2    -0.6    90.5    59.6    75.2   0.188   0.207   0.165   0.153   0.146     1.9     2.3     2.6     2.4     2.4
54854 20240328  2.622  -84.72   44.91     2.2    -4.5    -1.1    -1.9     0.0    12.67 C    15.2    -7.0    -0.3    74.5    37.9    59.2 -99.000   0.199   0.158   0.148   0.153     1.3     1.5     1.8     2.3     2.5
54854 20240329  2.622  -84.72   44.91     3.5    -7.1    -1.8    -1.8     0.0    13.79 C    17.2    -8.3    -0.1    89.3    49.0    70.0 -99.000   0.196   0.155   0.145   0.153     1.5     1.6     1.7     2.2     2.5
54854 20240330  2.622  -84.72   44.91     2.3    -3.9    -0.8    -0.8     3.1     4.09 C     5.9    -6.6    -0.3    95.3    62.3    83.2 -99.000   0.194   0.153   0.143   0.152     0.8     1.2     1.6     2.1     2.5
54854 20240331  2.622  -84.72   44.91     5.7    -2.7     1.5     0.6     0.0     9.54 C    18.6    -6.4     2.1    95.1    59.3    79.6 -99.000   0.196   0.153   0.142   0.149     2.2     1.9     1.8     2.0     2.4
54854 20240401  2.622  -84.72   44.91     7.1    -2.1     2.5     2.3     0.0    13.85 C    18.0    -4.1     3.9    89.4    30.7    57.1   0.161   0.194   0.152   0.142   0.148     3.0     2.7     2.5     2.3     2.5
54854 20240402  2.622  -84.72   44.91     5.6    -0.3     2.6     1.5    15.8     4.30 C    10.6    -1.7     1.5    94.4    54.1    77.6   0.159   0.192   0.151   0.141   0.147     2.3     2.5     2.6     2.6     2.7
54854 20240403  2.622  -84.72   44.91     4.2     0.7     2.5     2.4     3.0     5.82 C     5.7     0.0     1.6    97.9    62.5    83.3   0.209   0.214   0.168   0.150   0.147     2.0     2.0     2.2     2.5     2.7
54854 20240404  2.622  -84.72   44.91     4.1    -0.6     1.7     0.8     5.1     9.17 C    13.4    -0.7     2.2    96.5    78.8    92.6   0.195   0.210   0.168   0.155   0.161     2.6     2.4     2.3     2.5     2.7
54854 20240405  2.622  -84.72   44.91     8.2    -2.8     2.7     2.9     0.0    21.59 C    21.6    -5.1     5.6    93.4    31.3    60.9   0.179   0.203   0.162   0.152   0.162     4.1     3.3     2.9     2.6     2.8
54854 20240406  2.622  -84.72   44.91    12.5    -1.7     5.4     5.5     0.0    22.39 C    27.0    -4.8     7.4    75.9    28.1    49.0   0.165   0.197   0.156   0.147   0.158     5.6     4.5     3.9     3.2     3.0
54854 20240407  2.622  -84.72   44.91    14.5     0.7     7.6     7.1     0.3    20.42 C    28.0    -5.4     8.3    67.6    19.2    40.5   0.157   0.192   0.152   0.144   0.155     5.9     4.9     4.5     3.6     3.3
54854 20240408  2.622  -84.72   44.91    19.8     4.0    11.9    11.3     0.0    18.26 C    30.0     2.3    11.7    80.0    24.1    53.1   0.151   0.189   0.150   0.142   0.151     7.8     6.4     5.6     4.2     3.6
54854 20240409  2.622  -84.72   44.91    19.5     3.7    11.6    11.2     0.0    18.28 C    32.9    -0.6    12.1    82.6    27.4    54.8   0.147   0.186   0.148   0.140   0.149     8.9     7.4     6.5     4.9     4.1
54854 20240410  2.622  -84.72   44.91    18.2     2.2    10.2    10.6     0.0    16.73 C    33.9    -1.6    10.8    89.8    30.7    56.0   0.144   0.183   0.146   0.138   0.146     8.5     7.3     6.8     5.4     4.6
54854 20240411  2.622  -84.72   44.91    11.8     5.6     8.7     8.5     7.2     5.08 C    14.0     5.5     8.1    94.0    39.1    68.0   0.151   0.184   0.146   0.136   0.144     7.8     7.2     6.9     5.8     4.9
54854 20240412  2.622  -84.72   44.91     6.0     1.2     3.6     4.5    22.8     3.11 C     5.8     0.4     3.8    93.0    54.5    84.0   0.215   0.219   0.173   0.149   0.143     5.8     6.0     6.1     5.8     5.1
54854 20240413  2.622  -84.72   44.91    10.7     1.4     6.0     6.0     0.0    22.18 C    22.6    -1.0     8.3    74.9    32.8    52.6   0.183   0.206   0.165   0.155   0.163     6.5     5.7     5.5     5.4     5.1
54854 20240414  2.622  -84.72   44.91    17.5     4.2    10.9    10.4    20.5    22.88 C    27.2     0.3    11.9    97.1    37.9    64.5   0.208   0.222   0.176   0.159   0.167     9.5     7.8     7.0     5.7     5.2
54854 20240415  2.622  -84.72   44.91    16.1     1.8     8.9     8.5     0.0    22.73 C    29.2    -1.7     9.8    89.0    26.7    57.4   0.171   0.200   0.159   0.150   0.163     9.4     8.0     7.6     6.4     5.6
54854 20240416  2.622  -84.72   44.91    16.7     0.5     8.6     8.5     1.8    20.38 C    30.2    -3.2     9.8    81.4    20.6    44.2   0.158   0.193   0.153   0.145   0.156     8.6     7.7     7.5     6.6     5.9
54854 20240417  2.622  -84.72   44.91     9.9     3.9     6.9     6.7    10.1     3.43 C    10.8     3.7     7.0    97.3    68.3    86.0   0.179   0.199   0.155   0.142   0.152     7.4     7.2     7.2     6.7     6.0
54854 20240418  2.622  -84.72   44.91    12.6     3.9     8.2     7.3     2.6    11.92 C    22.9     4.4     9.6    95.2    44.3    78.5   0.186   0.205   0.161   0.148   0.151     8.5     7.7     7.3     6.6     6.1
54854 20240419  2.622  -84.72   44.91     7.7     0.6     4.1     4.3     0.0    16.69 C    21.7     0.5     7.4    94.4    38.1    65.7   0.170   0.198   0.156   0.147   0.153     8.8     7.9     7.8     6.9     6.2
54854 20240420  2.622  -84.72   44.91     4.8    -0.4     2.2     1.3     0.0     9.92 C    18.9    -2.4     3.6    72.8    40.8    59.3   0.160   0.193   0.152   0.143   0.152     6.1     6.1     6.6     6.8     6.3
54854 20240421  2.622  -84.72   44.91     9.3    -2.8     3.3     3.3     0.0    22.79 C    22.7    -5.2     5.6    83.1    31.0    56.4   0.153   0.189   0.150   0.141   0.149     6.5     5.9     6.0     6.2     6.1
54854 20240422  2.622  -84.72   44.91    17.0    -2.3     7.3     8.8     0.0    22.92 C    29.7    -5.3    10.1    68.9    17.3    38.5   0.146   0.186   0.148   0.138   0.147     7.7     6.7     6.5     6.2     6.0
54854 20240423  2.622  -84.72   44.91    18.6     0.4     9.5     8.9     4.7    16.07 C    29.0     2.1    10.8    93.7    21.8    67.5   0.159   0.188   0.148   0.137   0.144     9.6     8.4     7.8     6.6     6.1
54854 20240424  2.622  -84.72   44.91     6.5    -2.9     1.8     1.0     0.9    24.12 C    23.2    -4.1     6.7    95.3    22.2    55.0   0.153   0.188   0.148   0.137   0.142     8.9     8.0     7.8     7.0     6.4
54854 20240425  2.622  -84.72   44.91    12.0    -3.7     4.1     4.1     0.0    25.64 C    28.9    -6.4     8.3    64.4    18.9    39.3   0.145   0.185   0.146   0.137   0.141     8.4     7.5     7.4     7.0     6.5
54854 20240426  2.622  -84.72   44.91    16.2    -1.2     7.5     7.7     0.5    23.36 C    28.5    -3.2    10.3    80.3    12.8    46.4   0.138   0.181   0.144   0.135   0.139     8.9     7.9     7.7     7.1     6.6
54854 20240427  2.622  -84.72   44.91    24.7     7.5    16.1    15.1    17.8    11.32 C    31.7     6.9    15.2    93.0    47.7    73.2   0.149   0.184   0.144   0.134   0.138    11.1     9.6     8.7     7.4     6.7
54854 20240428  2.622  -84.72   44.91    15.0     6.1    10.6     8.5    10.5     4.66 C    14.3     6.6     9.8    95.2    70.1    86.5   0.202   0.213   0.166   0.144   0.137    10.9    10.3     9.9     8.2     7.1
54854 20240429  2.622  -84.72   44.91    15.6     4.2     9.9     8.7    12.5     5.38 C    19.2     5.2     9.6    98.6    82.7    94.6   0.213   0.223   0.176   0.159   0.151     9.4     9.0     8.9     8.3     7.5
54854 20240430  2.622  -84.72   44.91    13.6     5.0     9.3     9.7     0.0     5.83 C    16.0     2.2     9.9    92.6    61.1    76.7   0.182   0.206   0.163   0.153   0.165    10.2     9.5     9.2     8.3     7.6
54854 20240501  2.622  -84.72   44.91    19.8     5.1    12.4    12.2     0.5    22.42 C    30.7     2.2    14.1    92.2    34.6    69.1   0.166   0.197   0.155   0.146   0.159    11.6    10.1     9.5     8.4     7.7
54854 20240502  2.622  -84.72   44.91    21.7     3.7    12.7    12.6     0.0    21.39 C    32.7     1.5    15.1    97.5    30.0    64.5   0.153   0.190   0.151   0.143   0.154    12.8    11.2    10.5     8.9     7.9
54854 20240503  2.622  -84.72   44.91    19.2    10.4    14.8    13.7    19.5    16.60 C    28.7     5.7    14.8    96.6    28.1    69.5   0.199   0.214   0.167   0.148   0.152    13.9    12.3    11.5     9.5     8.3
54854 20240504  2.622  -84.72   44.91    22.9     6.3    14.6    15.6     2.8    20.68 C    33.4     2.0    16.0    90.1    48.6    65.3   0.171   0.200   0.159   0.148   0.160    13.9    12.2    11.6     9.9     8.8
54854 20240505  2.622  -84.72   44.91    16.7     5.9    11.3    11.3     1.6    24.55 C    30.9     3.8    15.2    97.3    35.7    68.1   0.173   0.199   0.157   0.145   0.156    15.5    13.4    12.6    10.4     9.1
54854 20240506  2.622  -84.72   44.91    21.3     5.0    13.1    13.5     0.0    26.63 C    34.5     2.4    16.3    83.2    25.7    49.1   0.154   0.190   0.151   0.142   0.153    14.8    13.0    12.4    10.7     9.5
54854 20240507  2.622  -84.72   44.91    20.0     7.1    13.6    12.6     9.0    15.47 C    30.0     3.0    13.5    94.3    22.3    57.5   0.153   0.188   0.148   0.138   0.150    13.5    12.5    12.3    10.9     9.8
54854 20240508  2.622  -84.72   44.91    14.7     7.6    11.1    10.3     8.3     8.44 C    26.2     5.5    11.8    98.1    61.5    87.6   0.194   0.210   0.165   0.146   0.148    12.9    12.1    11.9    10.9     9.9
54854 20240509  2.622  -84.72   44.91    15.2     4.7    10.0    10.2     0.0    15.83 C    25.8     2.1    11.5    98.0    40.6    73.6   0.170   0.199   0.157   0.146   0.153    12.5    11.6    11.5    10.7    10.0
54854 20240510  2.622  -84.72   44.91    17.0     2.9    10.0    10.2     0.0    16.88 C    33.8     1.1    12.2    92.2    32.0    60.1   0.158   0.192   0.152   0.142   0.153    12.3    11.3    11.3    10.5     9.9
54854 20240511  2.622  -84.72   44.91    13.8     5.1     9.4     8.9    14.6    13.75 C    23.4     3.2    10.9    95.8    51.6    76.4   0.191   0.208   0.163   0.146   0.150    12.3    11.4    11.4    10.6     9.9
54854 20240512  2.622  -84.72   44.91    22.3     1.6    12.0    12.7     4.8    21.84 C    32.7    -0.2    14.1    98.5    30.4    62.1   0.170   0.198   0.157   0.147   0.155    12.6    11.3    11.1    10.4     9.9
54854 20240513  2.622  -84.72   44.91    21.6     8.0    14.8    15.1     0.0    20.62 C    32.8     6.5    16.8    90.1    34.8    62.0   0.172   0.198   0.156   0.144   0.154    15.3    13.3    12.5    10.8    10.0
54854 20240514  2.622  -84.72   44.91 -9999.0 -9999.0 -9999.0 -9999.0     0.0 -9999.00 U -9999.0 -9999.0 -9999.0 -9999.0 -9999.0 -9999.0 -99.000 -99.000 -99.000 -99.000 -99.000 -9999.0 -9999.0 -9999.0 -9999.0 -9999.0
54854 20240515  2.622  -84.72   44.91    19.9     5.0    12.4    12.5     0.0    26.63 C    36.2     3.9    16.4    85.9    30.2    53.6   0.137   0.184   0.146   0.138   0.149    15.7    13.9    13.2    11.6    10.6
54854 20240516  2.622  -84.72   44.91    23.6     6.0    14.8    15.3     0.0    22.28 C    37.3     3.0    17.5    75.4    29.4    51.1   0.126   0.179   0.143   0.135   0.146    15.7    14.0    13.4    11.9    10.8
54854 20240517  2.622  -84.72   44.91    24.0    11.8    17.9    16.9     0.2    19.85 C    38.9     9.3    20.2    93.8    40.0    72.0   0.121   0.174   0.141   0.133   0.143    17.7    15.5    14.5    12.3    11.1
54854 20240518  2.622  -84.72   44.91    27.6    11.3    19.5    19.8     0.0    26.49 C    40.8     8.6    22.4    98.2    22.5    60.3   0.114   0.170   0.138   0.131   0.140    19.0    16.6    15.4    13.0    11.5
54854 20240519  2.622  -84.72   44.91    23.8    11.9    17.9    18.5     0.0    27.08 C    41.0     7.9    22.2    77.6    19.9    47.3   0.104   0.166   0.135   0.129   0.137    20.1    17.5    16.3    13.7    12.0
54854 20240520  2.622  -84.72   44.91    26.7    11.7    19.2    17.7    20.2    16.22 C    39.1     7.9    19.9    97.0    24.8    52.2   0.107   0.167   0.133   0.126   0.135    18.5    16.7    16.1    14.0    12.5
54854 20240521  2.622  -84.72   44.91    26.4    14.7    20.5    19.2     1.6    19.31 C    41.0    15.5    22.9    96.8    47.0    78.5   0.170   0.203   0.158   0.133   0.133    20.0    17.7    16.6    14.3    12.7
54854 20240522  2.622  -84.72   44.91    20.9    12.7    16.8    17.2     0.0    13.47 C    32.3     9.7    18.7    92.9    59.4    73.6   0.147   0.190   0.150   0.138   0.133    19.0    17.4    17.0    14.8    13.1
54854 20240523  2.622  -84.72   44.91    21.6     8.4    15.0    15.8     0.0    26.73 C    38.4     6.2    19.2    87.9    31.2    58.2   0.136   0.183   0.146   0.136   0.133    18.1    16.4    16.1    14.7    13.3
54854 20240524  2.622  -84.72   44.91    24.4     7.2    15.8    16.0     0.0    24.63 C    43.6     5.5    21.3    88.1    34.0    55.8   0.124   0.177   0.142   0.133   0.134    18.6    16.8    16.2    14.6    13.3
54854 20240525  2.622  -84.72   44.91    19.3     9.4    14.3    14.1     1.0    22.29 C    38.5     8.1    19.4    94.8    32.2    68.5   0.119   0.173   0.139   0.131   0.132    19.0    17.2    16.6    14.8    13.5
54854 20240526  2.622  -84.72   44.91    21.5     8.9    15.2    15.8     0.5    15.73 C    33.4     8.1    17.7    88.3    30.7    53.8   0.112   0.170   0.136   0.128   0.131    17.4    16.3    16.1    14.9    13.6
54854 20240527  2.622  -84.72   44.91    13.7    11.0    12.4    12.5    44.6     1.38 C    16.5    11.4    13.4    96.3    87.5    93.4   0.175   0.207   0.162   0.140   0.132    15.2    15.0    15.2    14.6    13.6
54854 20240528  2.622  -84.72   44.91    19.8     9.5    14.6    14.1     0.3    24.47 C    36.6     8.9    18.6    95.9    42.7    72.3   0.174   0.207   0.165   0.154   0.163    17.3    15.7    15.2    14.2    13.5
54854 20240529  2.622  -84.72   44.91    17.5     7.1    12.3    12.2     0.0    29.05 C    37.6     5.1    18.3    91.2    24.1    54.3   0.151   0.193   0.153   0.144   0.159    17.6    16.2    15.8    14.4    13.5
54854 20240530  2.622  -84.72   44.91    20.4     5.2    12.8    12.8     0.0    29.48 C    40.9     3.1    19.0    82.3    22.9    49.5   0.137   0.185   0.147   0.139   0.153    17.3    16.0    15.6    14.5    13.6
54854 20240531  2.622  -84.72   44.91    24.5     5.2    14.8    15.5     0.0    27.80 C    43.0     3.9    20.4    86.4    24.5    54.2   0.126   0.179   0.143   0.135   0.148    17.9    16.4    15.9    14.6    13.6
54854 20240601  2.622  -84.72   44.91    24.0    10.1    17.0    16.3     4.6    17.12 C    42.9     7.6    19.0    95.5    29.2    61.0   0.119   0.174   0.140   0.133   0.144    17.9    16.5    16.2    14.8    13.8
54854 20240602  2.622  -84.72   44.91    22.6    12.3    17.4    16.4     4.1    16.89 C    36.8    10.2    19.7    96.8    41.4    78.8   0.155   0.187   0.144   0.132   0.141    18.6    17.1    16.5    14.9    13.9
54854 20240603  2.622  -84.72   44.91    25.5    11.2    18.3    18.7     0.0    25.68 C    40.6     8.7    22.8    98.2    40.2    71.1   0.139   0.181   0.143   0.133   0.139    19.7    17.7    17.0    15.2    14.1
54854 20240604  2.622  -84.72   44.91    27.3    17.2    22.2    21.3     0.9    14.86 C    40.8    16.8    22.8    92.9    55.7    75.0   0.131   0.176   0.140   0.131   0.137    21.0    19.0    18.1    15.8    14.3
54854 20240605  2.622  -84.72   44.91    21.9    14.6    18.2    19.0    19.2     9.76 C    26.8    14.4    19.5    95.0    70.5    84.7   0.169   0.197   0.154   0.133   0.135    20.1    18.8    18.3    16.3    14.7
54854 20240606  2.622  -84.72   44.91    19.0    11.2    15.1    14.1     6.5    15.45 C    30.2    12.7    17.3    95.3    57.9    83.8   0.181   0.206   0.162   0.147   0.136    19.1    17.9    17.8    16.4    15.0
54854 20240607  2.622  -84.72   44.91    14.3     8.8    11.6    11.8     2.6     7.29 C    20.2     7.4    13.7    96.9    73.7    87.1   0.176   0.204   0.160   0.148   0.144    17.1    16.5    16.8    16.1    15.0
54854 20240608  2.622  -84.72   44.91    16.8     7.2    12.0    12.1     1.5    12.21 C    21.9     6.2    13.2    97.3    65.6    84.1   0.167   0.199   0.156   0.145   0.150    15.6    15.3    15.7    15.5    14.8
54854 20240609  2.622  -84.72   44.91    13.6     7.4    10.5     9.9     0.4     9.36 C    21.9     7.4    11.8    97.6    65.8    87.0   0.162   0.196   0.153   0.143   0.150    14.9    14.8    15.1    15.0    14.5
54854 20240610  2.622  -84.72   44.91    16.2     5.5    10.9    10.7     0.0    30.19 C    29.5     5.3    15.2    93.8    38.8    65.5   0.152   0.191   0.150   0.140   0.148    16.6    15.4    15.1    14.6    14.2
54854 20240611  2.622  -84.72   44.91    22.0     3.2    12.6    14.0     0.0    27.36 C    34.4     2.3    17.9    95.4    30.0    58.9   0.140   0.184   0.146   0.137   0.146    17.4    16.0    15.7    14.8    14.2
54854 20240612  2.622  -84.72   44.91    27.2    11.7    19.4    19.9     0.0    24.82 C    37.6    10.0    22.1    86.4    32.8    55.7   0.130   0.177   0.142   0.134   0.143    19.8    17.8    16.9    15.2    14.3
54854 20240613  2.622  -84.72   44.91    27.5    12.4    20.0    20.8     0.0    21.20 C    36.9     9.9    22.0    83.5    45.2    63.2   0.120   0.171   0.138   0.131   0.140    20.8    19.0    18.0    15.9    14.6
54854 20240614  2.622  -84.72   44.91    22.2     9.1    15.6    16.1     0.0    28.62 C    33.5     7.1    18.8    91.1    37.0    63.1   0.112   0.166   0.135   0.128   0.137    20.2    18.7    17.9    16.2    15.0
54854 20240615  2.622  -84.72   44.91    23.3     8.5    15.9    15.8     0.0    25.76 C    34.5     7.4    18.6    84.7    39.2    57.8   0.103   0.161   0.131   0.126   0.135    20.0    18.4    17.7    16.3    15.2
54854 20240616  2.622  -84.72   44.91    24.1    12.4    18.3    18.7     0.7    14.91 C    29.4    12.1    19.3    75.5    44.5    57.9   0.096   0.156   0.126   0.123   0.132    19.6    18.1    17.7    16.4    15.4
54854 20240617  2.622  -84.72   44.91    31.5    18.4    24.9    24.1     0.0    22.94 C    37.3    16.0    24.9    86.1    49.0    72.5   0.090   0.151   0.121   0.120   0.130    22.0    19.7    18.5    16.5    15.4
54854 20240618  2.622  -84.72   44.91    29.4    22.1    25.8    25.6     0.0    21.79 C    35.6    20.1    26.1    82.3    54.0    68.6   0.081   0.143   0.112   0.118   0.128    23.4    21.1    19.8    17.2    15.7
54854 20240619  2.622  -84.72   44.91    30.7    18.4    24.6    25.0     0.3    26.39 C    39.3    18.3    26.6    95.2    46.5    68.9   0.069   0.133   0.101   0.116   0.126    24.7    22.1    20.6    17.8    16.2
54854 20240620  2.622  -84.72   44.91    20.8    14.2    17.5    17.4    14.1     7.92 C    26.3    14.8    18.8    96.2    83.0    91.9   0.062   0.145   0.103   0.115   0.124    21.8    20.6    20.2    18.3    16.6
54854 20240621  2.622  -84.72   44.91    22.9    16.8    19.8    18.9    21.7     7.19 C    25.0    17.0    19.8    96.8    80.6    91.6   0.091   0.167   0.125   0.115   0.123    20.9    19.7    19.4    18.0    16.7
54854 20240622  2.622  -84.72   44.91    21.3    17.9    19.6    19.4    36.2     2.18 C    21.2    18.1    19.6    97.7    94.6    96.5   0.192   0.225   0.176   0.142   0.125    20.2    19.5    19.2    17.9    16.7
54854 20240623  2.622  -84.72   44.91    22.1    14.2    18.2    18.1     0.5    14.85 C    26.3    13.4    19.0    97.2    63.7    85.9   0.173   0.211   0.166   0.154   0.163    20.8    19.8    19.3    18.0    16.9
54854 20240624  2.622  -84.72   44.91    24.7    11.5    18.1    18.5     0.0    27.95 C    30.1    10.1    19.7    97.5    43.8    71.5   0.150   0.194   0.152   0.144   0.158    21.4    19.9    19.3    17.9    16.9
54854 20240625  2.622  -84.72   44.91    24.8    15.9    20.4    19.9    15.9    16.61 C    28.8    13.1    20.0    97.0    67.2    82.6   0.171   0.208   0.161   0.145   0.152    21.5    20.1    19.6    18.1    17.0
54854 20240626  2.622  -84.72   44.91    22.5    10.4    16.4    17.4     0.0    22.27 C    28.3    10.0    18.4    96.0    53.0    75.8   0.156   0.198   0.154   0.145   0.154    21.5    20.2    19.7    18.3    17.1
54854 20240627  2.622  -84.72   44.91    19.8     8.3    14.0    13.9     0.0    28.89 C    26.7     7.8    15.7    91.2    34.4    64.9   0.141   0.187   0.147   0.139   0.151    20.4    19.4    19.1    18.2    17.2
54854 20240628  2.622  -84.72   44.91    17.2     9.6    13.4    13.6     8.2     4.61 C    16.6     7.7    13.5    95.6    52.9    79.6   0.141   0.186   0.145   0.135   0.146    17.6    17.5    18.0    17.8    17.1
54854 20240629  2.622  -84.72   44.91    25.2    10.5    17.8    19.0     1.5    12.26 C    28.1    11.4    19.3    96.3    57.2    85.7   0.165   0.198   0.152   0.137   0.143    19.2    18.2    17.8    17.2    16.8
54854 20240630  2.622  -84.72   44.91    15.3     7.2    11.2    10.9     0.3    21.61 C    21.8     4.4    12.5    94.7    54.9    75.7   0.150   0.190   0.148   0.138   0.141    18.6    18.0    18.0    17.3    16.7
54854 20240701  2.622  -84.72   44.91    23.9     5.8    14.9    15.9     0.0    27.86 C    30.1     3.4    16.2    95.8    38.3    63.0   0.137   0.182   0.144   0.134   0.140    18.7    17.7    17.5    17.1    16.6
54854 20240702  2.622  -84.72   44.91    19.0    12.3    15.7    15.6     9.6     7.80 C    20.8    10.5    15.3    94.0    64.1    73.5   0.131   0.177   0.140   0.132   0.138    17.9    17.4    17.5    17.1    16.5
54854 20240703  2.622  -84.72   44.91    24.7    14.2    19.5    19.1     3.3    15.64 C    28.0    14.2    19.3    95.3    60.3    83.5   0.172   0.202   0.154   0.135   0.136    19.3    18.0    17.6    16.9    16.4
54854 20240704  2.622  -84.72   44.91    26.1    16.4    21.2    21.0     0.0    20.82 C    30.4    14.2    21.0    94.7    49.8    73.0   0.151   0.189   0.148   0.137   0.135    21.2    19.5    18.7    17.2    16.4
54854 20240705  2.622  -84.72   44.91    23.2    14.8    19.0    18.2     1.6    10.86 C    30.0    12.1    18.4    95.8    63.9    85.4   0.145   0.185   0.145   0.134   0.136    20.5    19.3    18.9    17.6    16.7
54854 20240706  2.622  -84.72   44.91    22.7    13.6    18.2    18.3     0.0    18.09 C    29.3    10.5    18.9    97.3    62.8    82.2   0.141   0.182   0.143   0.132   0.135    20.9    19.6    19.0    17.7    16.8
54854 20240707  2.622  -84.72   44.91    25.4    12.2    18.8    19.4     0.0    21.37 C    29.8     9.3    19.2    97.9    53.8    76.0   0.132   0.175   0.140   0.130   0.134    20.6    19.4    18.9    17.8    16.9
54854 20240708  2.622  -84.72   44.91    25.1    17.4    21.2    19.7    11.3    10.17 C    27.9    15.0    19.5    96.5    67.8    85.6   0.143   0.180   0.140   0.128   0.132    20.9    19.7    19.3    17.9    17.0
54854 20240709  2.622  -84.72   44.91    25.9    15.6    20.8    20.5     0.0    24.83 C    31.0    13.1    21.0    97.6    54.2    77.7   0.156   0.189   0.147   0.132   0.131    21.9    20.3    19.5    18.1    17.1
54854 20240710  2.622  -84.72   44.91    23.5    14.9    19.2    18.8     8.9    14.12 C    30.3    13.2    19.5    96.4    63.9    84.6   0.155   0.187   0.145   0.132   0.130    21.8    20.5    20.0    18.5    17.3
54854 20240711  2.622  -84.72   44.91    25.5    14.8    20.2    19.6     0.0    21.44 C    30.2    13.0    20.2    97.0    54.6    79.5   0.160   0.192   0.149   0.136   0.129    21.8    20.4    19.8    18.5    17.5
54854 20240712  2.622  -84.72   44.91    26.4    14.8    20.6    20.1     0.0    20.41 C    31.1    12.5    19.8    96.8    43.5    76.3   0.145   0.184   0.145   0.134   0.129    22.0    20.6    20.0    18.6    17.6
54854 20240713  2.622  -84.72   44.91    28.2    14.7    21.4    21.8     0.0    24.72 C    46.6    11.8    24.4    97.4    40.8    67.7   0.137   0.177   0.141   0.131   0.129    22.8    21.0    20.3    18.7    17.8
54854 20240714  2.622  -84.72   44.91    27.9    17.9    22.9    22.8     6.0    21.05 C    44.4    17.5    26.6    95.2    57.4    77.3   0.149   0.182   0.142   0.130   0.129    24.2    22.0    21.1    19.2    18.0
54854 20240715  2.622  -84.72   44.91    28.1    19.2    23.6    23.1     0.0    23.84 C    46.3    18.8    28.2    94.1    53.3    77.2   0.139   0.178   0.141   0.130   0.128    25.3    22.8    21.9    19.7    18.3
54854 20240716  2.622  -84.72   44.91    23.1    15.1    19.1    19.8    13.2    17.99 C    40.1    15.4    24.0    95.9    60.3    82.9   0.172   0.199   0.153   0.134   0.127    24.2    22.5    22.0    20.2    18.7
54854 20240717  2.622  -84.72   44.91    20.7    12.0    16.3    16.3     0.6    19.05 C    38.1    12.1    20.6    97.8    54.2    81.7   0.156   0.191   0.149   0.137   0.128    22.4    21.2    21.2    20.1    18.8
54854 20240718  2.622  -84.72   44.91    20.9     9.8    15.3    15.0     0.0    23.46 C    44.0     9.4    20.5    95.6    45.8    74.5   0.147   0.186   0.146   0.135   0.129    21.3    20.2    20.3    19.6    18.7
54854 20240719  2.622  -84.72   44.91    24.3     8.7    16.5    16.9     0.0    25.09 C    44.2     8.0    22.0    97.4    43.4    70.0   0.137   0.181   0.143   0.132   0.129    21.4    20.0    19.9    19.3    18.5
54854 20240720  2.622  -84.72   44.91    25.3    13.5    19.4    19.9     0.0    21.21 C    43.3    12.1    24.1    86.4    49.1    67.5   0.129   0.176   0.140   0.130   0.128    22.3    20.5    20.2    19.2    18.4
54854 20240721  2.622  -84.72   44.91    25.3    14.7    20.0    20.1     0.0    22.24 C    44.9    13.4    25.7    92.8    44.3    71.6   0.123   0.172   0.136   0.127   0.127    23.5    21.6    20.9    19.4    18.4
54854 20240722  2.622  -84.72   44.91    25.6    13.2    19.4    19.5     0.0    20.35 C    47.8    12.4    25.3    94.3    50.9    72.4   0.116   0.168   0.134   0.125   0.126    23.4    21.5    21.0    19.6    18.6
54854 20240723  2.622  -84.72   44.91    21.9    13.7    17.8    17.9    10.9     9.60 C    38.6    11.4    20.2    98.0    73.7    90.6   0.117   0.171   0.134   0.123   0.125    21.5    20.7    20.7    19.7    18.7
54854 20240724  2.622  -84.72   44.91    20.1    13.1    16.6    16.4     2.1    10.37 C    32.3    12.1    19.2    96.3    68.0    88.0   0.149   0.190   0.144   0.125   0.124    20.5    19.9    19.9    19.4    18.6
54854 20240725  2.622  -84.72   44.91    22.4    10.8    16.6    16.4     0.0    24.68 C    43.2     9.5    21.4    96.8    44.4    74.4   0.141   0.184   0.142   0.129   0.123    21.0    19.7    19.6    19.0    18.4
54854 20240726  2.622  -84.72   44.91    25.2     8.6    16.9    17.4     0.0    26.34 C    43.6     7.5    22.9    97.3    40.9    71.7   0.129   0.178   0.140   0.128   0.122    21.6    20.0    19.7    19.0    18.3
54854 20240727  2.622  -84.72   44.91    27.0    13.9    20.5    20.2     0.0    25.53 C    45.6    11.6    24.8    92.9    43.4    67.7   0.120   0.172   0.136   0.126   0.121    22.7    20.8    20.3    19.1    18.3
54854 20240728  2.622  -84.72   44.91    27.4    13.3    20.4    21.2     0.0    24.28 C    47.0    10.2    25.9    96.4    40.6    71.2   0.111   0.168   0.134   0.124   0.121    23.4    21.4    20.7    19.4    18.5
54854 20240729  2.622  -84.72   44.91    28.8    18.8    23.8    22.2    23.7    17.24 C    48.6    17.5    27.0    97.1    56.3    83.3   0.119   0.176   0.136   0.122   0.120    24.4    22.4    21.6    19.8    18.7
54854 20240730  2.622  -84.72   44.91    27.5    18.8    23.1    22.4     1.0    22.16 C    43.3    17.7    26.8    97.2    60.6    83.0   0.162   0.202   0.156   0.136   0.120    25.0    22.9    22.2    20.3    19.0
54854 20240731  2.622  -84.72   44.91    28.4    17.9    23.1    22.5     2.0    19.43 C    43.2    17.0    26.1    97.5    60.9    84.2   0.152   0.193   0.150   0.138   0.123    24.9    23.1    22.4    20.6    19.3
54854 20240801  2.622  -84.72   44.91    28.1    17.0    22.5    23.0     0.0    17.76 C    43.3    16.0    25.9    97.4    52.3    77.3   0.144   0.188   0.147   0.137   0.125    24.7    23.1    22.5    20.9    19.5
54854 20240802  2.622  -84.72   44.91    29.1    18.1    23.6    23.4     0.0    22.83 C    45.6    16.5    27.6    97.0    48.9    73.2   0.133   0.183   0.144   0.134   0.124    25.5    23.5    22.8    21.1    19.7
54854 20240803  2.622  -84.72   44.91    26.7    16.1    21.4    21.4     0.0    25.24 C    44.6    13.8    26.0    95.7    40.8    71.5   0.122   0.177   0.141   0.132   0.124    25.2    23.3    22.8    21.3    19.9
54854 20240804  2.622  -84.72   44.91    26.0    16.9    21.5    20.9     0.0    14.65 C    44.1    16.3    25.0    90.8    54.4    76.4   0.116   0.173   0.138   0.129   0.123    24.3    22.9    22.5    21.3    20.0
54854 20240805  2.622  -84.72   44.91    21.4    14.1    17.8    18.0     1.0    13.53 C    36.9    15.1    21.7    95.1    55.1    75.6   0.112   0.171   0.136   0.126   0.123    23.0    22.1    22.0    21.2    20.0
54854 20240806  2.622  -84.72   44.91    23.6    12.0    17.8    16.9     6.4    21.22 C    38.9    10.3    21.0    96.4    42.3    71.6   0.136   0.178   0.137   0.125   0.122    22.2    21.0    21.1    20.8    19.8
54854 20240807  2.622  -84.72   44.91    24.5    10.4    17.5    18.2     0.0    23.54 C    42.1     8.6    21.9    97.3    41.8    65.3   0.125   0.174   0.137   0.125   0.121    21.7    20.5    20.6    20.4    19.6
54854 20240808  2.622  -84.72   44.91    25.3    13.3    19.3    19.4     0.0    23.44 C    43.2    12.0    24.5    86.0    39.0    64.9   0.113   0.169   0.134   0.123   0.120    23.0    21.3    21.0    20.2    19.4
54854 20240809  2.622  -84.72   44.91    20.1    11.1    15.6    15.7     1.3    15.90 C    41.2     9.2    20.1    97.4    52.3    76.2   0.103   0.165   0.132   0.121   0.119    21.9    20.8    20.9    20.3    19.4
54854 20240810  2.622  -84.72   44.91    15.3    10.9    13.1    13.0     5.4    11.38 C    25.5    11.1    16.1    96.0    74.1    91.2   0.110   0.166   0.130   0.121   0.118    19.3    19.2    19.7    19.9    19.3
54854 20240811  2.622  -84.72   44.91    17.5    10.1    13.8    13.7     2.1    12.03 C    29.6     9.3    16.5    96.1    67.3    84.8   0.140   0.175   0.134   0.120   0.117    18.8    18.6    19.0    19.3    18.9
54854 20240812  2.622  -84.72   44.91    23.7     9.5    16.6    16.3     0.0    22.50 C    41.4     8.2    19.9    97.9    47.9    77.3   0.130   0.173   0.135   0.121   0.117    19.6    18.7    18.8    18.9    18.5
54854 20240813  2.622  -84.72   44.91    25.3    10.6    17.9    18.1     0.0    22.75 C    40.4     9.3    21.7    97.8    40.9    73.6   0.116   0.168   0.132   0.121   0.116    21.0    19.5    19.3    18.9    18.4
54854 20240814  2.622  -84.72   44.91    27.3    12.1    19.7    19.7     0.0    24.01 C    43.8     9.6    23.4    95.9    34.3    65.6   0.104   0.163   0.130   0.119   0.115    22.0    20.2    19.8    19.0    18.4
54854 20240815  2.622  -84.72   44.91    27.0    14.8    20.9    20.8     0.7    20.01 C    40.6    11.8    23.8    93.1    42.2    68.0   0.091   0.158   0.126   0.117   0.113    22.3    20.7    20.3    19.3    18.6
54854 20240816  2.622  -84.72   44.91    21.3    16.1    18.7    18.2    25.7     3.46 C    26.5    16.8    19.2    96.2    88.2    94.0   0.139   0.204   0.151   0.125   0.113    20.1    19.8    19.9    19.4    18.7
54854 20240817  2.622  -84.72   44.91    22.5    16.9    19.7    18.9    20.9     7.63 C    31.5    17.4    20.8    97.0    73.1    93.0   0.182   0.216   0.168   0.147   0.125    20.7    19.9    19.7    19.1    18.6
54854 20240818  2.622  -84.72   44.91    22.4    14.0    18.2    18.1     4.2     7.81 C    29.3    13.3    19.6    96.2    68.6    87.4   0.176   0.208   0.163   0.150   0.137    20.5    19.9    19.9    19.2    18.6
54854 20240819  2.622  -84.72   44.91    18.3     9.7    14.0    14.1     0.0    18.57 C    33.1     8.5    16.8    90.8    52.9    73.6   0.159   0.199   0.156   0.146   0.139    19.2    18.7    19.1    19.0    18.5
54854 20240820  2.622  -84.72   44.91    19.0     8.0    13.5    13.1     0.0    23.42 C    35.4     6.9    17.3    91.9    37.9    70.1   0.147   0.192   0.151   0.142   0.142    18.7    18.0    18.4    18.5    18.3
54854 20240821  2.622  -84.72   44.91    21.1     7.8    14.4    14.0     0.0    22.19 C    39.0     5.6    17.5    96.9    39.4    72.3   0.137   0.188   0.147   0.139   0.143    18.8    17.9    18.2    18.3    18.1
54854 20240822  2.622  -84.72   44.91    23.1     7.9    15.5    15.4     0.0    20.41 C    39.9     6.1    18.1    97.9    49.0    75.6   0.129   0.184   0.145   0.135   0.141    18.8    17.8    18.0    18.0    17.9
54854 20240823  2.622  -84.72   44.91    23.6     9.8    16.7    17.0     0.0    17.17 C    40.9     6.0    19.8    94.1    50.6    75.6   0.123   0.180   0.143   0.133   0.139    19.3    18.2    18.2    18.0    17.7
54854 20240824  2.622  -84.72   44.91    24.8    13.4    19.1    18.8     0.0    12.72 C    36.1    11.2    20.4    95.3    58.1    77.4   0.118   0.177   0.140   0.131   0.137    20.0    18.9    18.7    18.1    17.7
54854 20240825  2.622  -84.72   44.91    29.1    14.5    21.8    21.9     0.0    20.34 C    43.1    11.7    24.7    95.5    37.9    73.6   0.113   0.174   0.139   0.129   0.135    21.6    19.8    19.3    18.3    17.8
54854 20240826  2.622  -84.72   44.91    31.0    17.3    24.2    24.5     0.0    17.82 C    44.2    15.8    27.2    94.7    54.2    76.3   0.105   0.170   0.137   0.127   0.133    23.6    21.4    20.6    18.9    18.0
54854 20240827  2.622  -84.72   44.91    29.0    19.5    24.2    23.2     2.3    12.46 C    39.9    18.0    24.9    97.2    65.4    86.4   0.102   0.169   0.134   0.126   0.131    24.0    22.2    21.5    19.6    18.4
54854 20240828  2.622  -84.72   44.91    20.4    13.3    16.8    16.6     4.4     4.12 C    21.3    14.9    18.8    97.6    90.0    95.6   0.117   0.173   0.135   0.126   0.130    21.1    20.8    20.9    20.0    18.7
54854 20240829  2.622  -84.72   44.91    22.6    13.3    17.9    17.4     0.0    13.00 C    34.0    13.7    20.2    97.4    63.3    82.9   0.122   0.175   0.137   0.126   0.128    20.4    19.8    19.8    19.5    18.7
54854 20240830  2.622  -84.72   44.91    25.1    16.5    20.8    20.3     0.0     7.57 C    34.2    15.4    21.4    97.2    72.0    88.4   0.117   0.173   0.136   0.125   0.126    20.9    20.2    20.0    19.4    18.6
54854 20240831  2.622  -84.72   44.91    25.3    13.2    19.2    19.2     0.0    20.74 C    39.8    10.5    21.0    97.7    38.0    71.6   0.111   0.171   0.135   0.124   0.125    21.0    20.0    19.9    19.4    18.5
54854 20240901  2.622  -84.72   44.91    19.2     8.6    13.9    15.7     0.0    18.65 C    35.4     7.1    18.4    87.7    42.6    67.4   0.101   0.167   0.133   0.123   0.124    20.5    19.5    19.7    19.3    18.5
54854 20240902  2.622  -84.72   44.91    19.6     6.1    12.8    12.5     0.0    21.77 C    35.8     3.0    15.7    96.9    36.4    68.6   0.092   0.165   0.131   0.122   0.123    19.1    18.1    18.6    18.8    18.4
54854 20240903  2.622  -84.72   44.91    23.3     6.8    15.1    15.2     0.0    19.99 C    38.5     4.0    17.3    89.6    36.8    67.9   0.083   0.161   0.128   0.120   0.122    19.0    17.8    18.1    18.3    18.2
54854 20240904  2.622  -84.72   44.91    25.0    11.9    18.4    17.4     0.0    19.11 C    37.1     8.8    18.9    91.4    37.3    64.2   0.074   0.158   0.124   0.118   0.120    19.5    18.3    18.3    18.1    18.0
54854 20240905  2.622  -84.72   44.91    26.3    13.1    19.7    19.0     0.3    18.59 C    40.3    10.4    21.3    95.0    42.2    66.0   0.066   0.154   0.119   0.117   0.120    20.2    18.7    18.6    18.1    17.9
54854 20240906  2.622  -84.72   44.91    15.0     7.9    11.4    10.9     1.0     8.99 C    25.8     8.9    14.1    96.5    74.3    88.1   0.061   0.153   0.115   0.116   0.119    18.7    18.2    18.6    18.3    17.9
54854 20240907  2.622  -84.72   44.91    13.2     4.1     8.6     8.2     0.0    15.89 C    29.2     0.8    11.9    94.3    50.8    76.2   0.060   0.152   0.114   0.115   0.118    16.7    16.3    17.2    17.8    17.7
54854 20240908  2.622  -84.72   44.91    19.5     2.0    10.8    11.4     0.9    14.37 C    33.1     0.2    13.3    98.7    52.4    80.0   0.057   0.150   0.111   0.114   0.117    15.8    15.4    16.1    17.1    17.4
54854 20240909  2.622  -84.72   44.91    21.7     9.6    15.6    15.6     0.0    17.69 C    36.0     5.6    17.2    97.6    48.9    79.1   0.055   0.148   0.108   0.113   0.116    17.7    16.7    16.8    16.8    17.0
54854 20240910  2.622  -84.72   44.91    24.5     8.3    16.4    17.0     0.0    16.25 C    34.4     5.1    17.9    98.3    54.0    77.3   0.052   0.146   0.105   0.112   0.116    17.8    16.8    16.9    16.9    16.9
54854 20240911  2.622  -84.72   44.91    22.1    15.0    18.6    17.9     0.0     7.74 C    28.5    11.2    17.0    86.0    55.4    68.9   0.050   0.145   0.101   0.111   0.115    17.9    17.4    17.4    17.1    16.9
54854 20240912  2.622  -84.72   44.91    28.2    12.2    20.2    19.8     0.0    17.15 C    39.3     8.0    19.5    91.5    33.7    65.8   0.048   0.143   0.098   0.111   0.114    18.7    17.6    17.4    17.1    16.9
54854 20240913  2.622  -84.72   44.91    29.2    13.0    21.1    20.6     0.0    17.57 C    39.4     7.4    20.2    91.7    31.0    63.0   0.044   0.140   0.095   0.111   0.113    19.4    18.1    17.9    17.3    16.9
54854 20240914  2.622  -84.72   44.91    28.8    12.5    20.7    20.0     0.0    17.40 C    39.6     7.9    20.7    97.8    34.1    69.8   0.042   0.137   0.089   0.110   0.112    19.9    18.6    18.3    17.5    17.0
54854 20240915  2.622  -84.72   44.91    29.7    15.0    22.3    21.5     0.0    17.86 C    42.0    11.6    22.2    91.1    30.1    63.4   0.038   0.134   0.084   0.109   0.112    20.5    19.0    18.6    17.7    17.2
54854 20240916  2.622  -84.72   44.91    29.4    15.4    22.4    21.6     0.0    17.38 C    42.3     9.9    21.7    79.5    29.8    52.9   0.037   0.130   0.077   0.108   0.111    20.8    19.2    18.9    17.9    17.3
54854 20240917  2.622  -84.72   44.91    27.4    12.9    20.2    19.4     0.0    18.00 C    40.6     6.6    19.7    81.1    28.4    57.5   0.035   0.126   0.104   0.107   0.111    20.2    18.7    18.7    18.0    17.5
54854 20240918  2.622  -84.72   44.91    27.6    11.3    19.4    19.1     0.0    17.62 C    41.0     6.3    19.8    98.0    36.7    70.5   0.033   0.123   0.108   0.107   0.110    19.8    18.5    18.4    17.9    17.5
54854 20240919  2.622  -84.72   44.91    27.6    14.4    21.0    19.9     0.0    14.72 C    42.6     9.8    20.5    93.1    39.6    71.2   0.032   0.120   0.107   0.106   0.109    20.1    18.8    18.6    17.9    17.5
54854 20240920  2.622  -84.72   44.91    24.9    15.2    20.0    19.1     0.9     7.09 C    32.9    11.1    18.7    98.0    56.4    80.5   0.030   0.119   0.105   0.105   0.109    19.3    18.6    18.5    17.9    17.5
54854 20240921  2.622  -84.72   44.91    26.0    14.5    20.3    18.7     0.0    17.13 C    39.2    11.0    20.3    97.9    41.1    76.8   0.031   0.117   0.105   0.105   0.108    19.6    18.6    18.4    17.9    17.4
54854 20240922  2.622  -84.72   44.91    20.0    10.8    15.4    15.8     5.4     2.25 C    22.5    11.3    16.0    96.0    68.8    87.0   0.030   0.117   0.104   0.105   0.108    18.0    17.9    18.2    17.9    17.5
54854 20240923  2.622  -84.72   44.91    19.0     7.1    13.1    12.7     0.0    16.88 C    30.7     5.2    15.2    96.4    31.0    73.8   0.032   0.119   0.105   0.104   0.108    17.2    16.9    17.3    17.5    17.3
54854 20240924  2.622  -84.72   44.91    17.2     7.2    12.2    13.6     2.4     3.47 C    21.4     5.3    14.7    98.4    88.4    94.6   0.036   0.120   0.105   0.103   0.107    16.1    16.0    16.6    17.1    17.1
54854 20240925  2.622  -84.72   44.91    20.3     9.7    15.0    15.4     9.2    13.20 C    32.2     8.1    17.1    97.2    51.5    83.8   0.083   0.156   0.112   0.103   0.107    18.0    17.1    17.1    16.9    16.9
54854 20240926  2.622  -84.72   44.91    24.4     8.1    16.2    15.4     0.0    16.94 C    35.0     5.4    15.9    98.0    33.5    72.1   0.087   0.156   0.117   0.105   0.106    16.9    16.4    16.7    16.9    16.8
54854 20240927  2.622  -84.72   44.91    24.6     9.9    17.2    17.0     0.0    16.54 C    35.2     6.2    16.7    97.9    36.9    68.6   0.079   0.150   0.115   0.106   0.106    17.0    16.3    16.6    16.7    16.7
54854 20240928  2.622  -84.72   44.91    24.0    11.0    17.5    16.3     0.0    16.22 C    34.4     5.7    16.3    97.8    44.1    74.4   0.070   0.146   0.115   0.106   0.106    17.1    16.4    16.5    16.6    16.5
54854 20240929  2.622  -84.72   44.91    25.0    12.4    18.7    17.3     0.0    16.00 C    36.3     6.6    17.0    94.9    44.6    72.8   0.064   0.143   0.113   0.106   0.106    17.3    16.4    16.5    16.5    16.4
54854 20240930  2.622  -84.72   44.91    25.1    10.6    17.8    17.2     0.0    15.86 C    35.9     5.2    17.3    92.2    41.9    69.8   0.057   0.140   0.113   0.106   0.105    17.1    16.3    16.5    16.4    16.4
54854 20241001  2.622  -84.72   44.91    16.0     5.7    10.8    12.3     0.6     5.94 C    23.8     2.9    12.2    95.1    52.7    82.2   0.053   0.139   0.112   0.106   0.104    15.8    15.8    16.3    16.4    16.3
54854 20241002  2.622  -84.72   44.91    18.3     3.1    10.7    11.0     0.0    15.69 C    29.7     0.1    12.0    96.5    33.2    64.1   0.048   0.137   0.112   0.105   0.105    14.0    14.2    15.0    15.9    16.1
54854 20241003  2.622  -84.72   44.91    19.6     8.0    13.8    13.0     0.0    13.51 C    31.1     4.1    13.5    83.8    32.8    64.5   0.045   0.135   0.110   0.104   0.105    14.8    14.4    14.8    15.5    15.8
54854 20241004  2.622  -84.72   44.91    16.2     5.3    10.8    10.8     0.0    13.32 C    31.0     0.5    12.4    90.2    35.6    69.8   0.042   0.133   0.109   0.102   0.104    14.8    14.4    14.8    15.3    15.6
54854 20241005  2.622  -84.72   44.91    19.9     4.3    12.1    12.7     0.0    15.31 C    29.4    -0.8    12.5    82.3    28.9    53.1   0.038   0.131   0.109   0.102   0.103    13.6    13.4    14.1    15.0    15.4
54854 20241006  2.622  -84.72   44.91    17.6     7.3    12.4    13.5     1.2     8.33 C    28.7     8.0    14.0    93.3    40.2    64.4   0.036   0.128   0.107   0.102   0.103    14.6    14.1    14.4    14.8    15.2
54854 20241007  2.622  -84.72   44.91    15.2     3.9     9.6     9.3     1.4    14.72 C    25.6     1.3    10.8    98.6    38.1    70.6   0.034   0.127   0.108   0.102   0.103    13.4    13.3    14.0    14.7    15.0
54854 20241008  2.622  -84.72   44.91    12.9     0.3     6.6     6.5     0.0    12.77 C    25.0    -2.9     6.6    98.5    44.3    78.2   0.032   0.126   0.106   0.102   0.102    11.2    11.8    13.0    14.2    14.8
54854 20241009  2.622  -84.72   44.91    12.4    -0.5     5.9     5.8     0.0    10.91 C    24.1    -3.7     5.5    97.4    46.2    76.7   0.031   0.126   0.105   0.101   0.103     9.9    10.6    11.9    13.6    14.4
54854 20241010  2.622  -84.72   44.91    16.5     0.4     8.4     8.0     0.0    14.33 C    28.7    -4.1     8.1    98.9    35.1    70.8   0.031   0.125   0.105   0.100   0.103    10.0    10.3    11.3    13.0    13.9
54854 20241011  2.622  -84.72   44.91    25.0     7.3    16.1    14.3     0.0    10.14 C    32.6     2.5    13.3    89.4    33.4    63.7   0.032   0.123   0.105   0.101   0.103    12.1    11.6    11.9    12.7    13.6
54854 20241012  2.622  -84.72   44.91    12.9     1.6     7.2     8.0     0.0     8.88 C    30.2    -3.5     8.5    98.5    42.8    68.5   0.030   0.122   0.104   0.100   0.102    11.0    11.4    12.1    12.9    13.5
54854 20241013  2.622  -84.72   44.91    11.7     3.6     7.6     6.9     4.9     4.17 C    20.7    -1.0     7.3    95.5    52.6    76.4   0.030   0.122   0.104   0.098   0.102    10.2    10.9    11.7    12.7    13.3
54854 20241014  2.622  -84.72   44.91     6.9     1.9     4.4     3.8     0.0     7.11 C    17.1    -0.4     4.5    83.1    59.2    74.5   0.030   0.124   0.103   0.099   0.102     8.3     9.5    10.7    12.3    13.1
54854 20241015  2.622  -84.72   44.91     7.4    -1.6     2.9     3.2     0.0     8.16 C    15.1    -3.1     3.6    88.3    64.7    76.3   0.033   0.126   0.103   0.099   0.102     7.2     8.6     9.8    11.7    12.7
54854 20241016  2.622  -84.72   44.91    10.9    -1.0     4.9     4.7     0.0    13.01 C    22.1    -4.1     5.0    94.4    43.3    72.5   0.036   0.126   0.103   0.098   0.101     7.7     8.4     9.5    11.2    12.3
54854 20241017  2.622  -84.72   44.91    16.6     0.4     8.5     8.0     0.0    13.02 C    25.4    -4.2     6.7    95.1    27.8    62.5   0.039   0.126   0.104   0.098   0.101     7.7     8.3     9.2    10.8    12.0
54854 20241018  2.622  -84.72   44.91    19.1     4.9    12.0    11.0     0.0    12.53 C    27.2    -0.9     9.0    78.6    26.0    54.4   0.040   0.125   0.104   0.098   0.101     8.8     8.9     9.5    10.7    11.7
54854 20241019  2.622  -84.72   44.91    21.0     5.8    13.4    13.0     0.0    12.91 C    29.0    -1.0    11.1    72.6    26.7    51.1   0.041   0.125   0.104   0.098   0.100     9.7     9.5     9.9    10.8    11.6
54854 20241020  2.622  -84.72   44.91    24.1    12.0    18.1    17.5     0.0    10.48 C    32.4     8.2    16.6    58.2    36.3    49.3   0.041   0.124   0.104   0.098   0.100    12.2    11.1    10.9    11.0    11.6
54854 20241021  2.622  -84.72   44.91    26.1    13.9    20.0    19.3     0.0    11.59 C    34.6     6.5    17.3    61.9    36.5    48.0   0.042   0.122   0.104   0.098   0.100    13.8    12.6    12.2    11.7    11.8
54854 20241022  2.622  -84.72   44.91    22.6    12.0    17.3    16.9     0.0     8.88 C    28.9     5.5    14.7    61.4    24.6    43.7   0.037   0.122   0.103   0.098   0.100    13.0    12.4    12.4    12.1    12.1
54854 20241023  2.622  -84.72   44.91    16.1    -1.2     7.5     8.0     4.8     3.86 C    17.8    -3.5     7.7    98.5    47.3    81.7   0.035   0.123   0.102   0.098   0.100    11.6    11.8    12.3    12.3    12.3
54854 20241024  2.622  -84.72   44.91    14.4    -1.8     6.3     6.5     0.0    11.92 C    23.0    -4.1     5.7    98.9    33.8    68.7   0.035   0.124   0.102   0.096   0.100     8.1     9.1    10.3    11.8    12.3
54854 20241025  2.622  -84.72   44.91    10.9     2.1     6.5     7.3     1.8     1.91 C    15.5    -0.4     6.3    96.3    65.7    81.1   0.041   0.125   0.102   0.097   0.100     8.4     9.2    10.0    11.2    11.9
54854 20241026  2.622  -84.72   44.91     9.1    -1.4     3.9     4.4     0.0     9.37 C    19.7    -5.3     3.6    87.3    39.2    68.7   0.048   0.126   0.102   0.097   0.099     6.9     8.2     9.3    10.8    11.6
54854 20241027  2.622  -84.72   44.91    11.7    -1.8     5.0     5.3     0.0     5.05 C    21.6    -5.6     4.0    89.6    44.6    57.6   0.054   0.127   0.103   0.097   0.099     6.0     7.3     8.4    10.2    11.3
54854 20241028  2.622  -84.72   44.91    15.2     1.7     8.4     8.2     0.0     9.81 C    22.8    -3.2     5.8    63.6    31.0    48.1   0.056   0.128   0.103   0.097   0.099     6.5     7.4     8.3     9.8    10.9
54854 20241029  2.622  -84.72   44.91    23.5     6.0    14.7    15.2     7.6     8.21 C    26.3     3.5    13.7    96.1    49.3    72.4   0.079   0.151   0.107   0.098   0.099    10.0     9.3     9.1     9.8    10.7
54854 20241030  2.622  -84.72   44.91    22.2    15.9    19.0    19.4     4.2     4.52 C    25.2    14.3    17.3    96.0    55.5    67.6   0.087   0.157   0.111   0.098   0.099    13.2    12.0    11.4    10.5    10.8
54854 20241031  2.622  -84.72   44.91    17.4     5.4    11.4    13.9     6.1     1.52 C    18.2     6.0    13.3    96.7    64.7    84.2   0.117   0.177   0.120   0.100   0.099    13.3    12.8    12.5    11.5    11.3
54854 20241101  2.622  -84.72   44.91     5.4    -2.1     1.7     2.5     1.1     5.77 C    15.2    -2.4     4.8    94.6    67.3    84.2   0.124   0.181   0.108   0.103   0.099     9.3    10.2    11.1    11.6    11.6
54854 20241102  2.622  -84.72   44.91     9.5    -3.6     3.0     2.6     0.0    10.14 C    18.8    -4.8     2.6    96.8    43.4    71.7   0.114   0.176   0.116   0.106   0.099     6.5     7.8     9.1    10.8    11.4
54854 20241103  2.622  -84.72   44.91     8.3     2.2     5.2     5.4     4.8     1.36 C     9.0    -0.1     4.7    90.3    67.2    81.2   0.111   0.173   0.116   0.108   0.098     6.1     7.2     8.2    10.0    11.0
54854 20241104  2.622  -84.72   44.91    15.7     6.3    11.0    12.4     5.0     0.90 C    14.6     6.0    11.6    97.1    86.8    94.7   0.138   0.193   0.134   0.108   0.098     9.0     8.9     8.9     9.7    10.6
54854 20241105  2.622  -84.72   44.91    16.4    13.7    15.1    15.7    20.4     0.47 C    16.5    12.3    14.8    96.0    89.0    93.9   0.151   0.203   0.150   0.114   0.099    12.2    11.5    10.9    10.3    10.6
54854 20241106  2.622  -84.72   44.91    14.0     1.4     7.7     8.4     0.2     3.87 C    17.1    -0.4     9.4    98.3    78.7    88.9   0.158   0.215   0.168   0.142   0.099    11.5    11.6    11.6    11.1    11.0
54854 20241107  2.622  -84.72   44.91    10.7    -0.7     5.0     5.3     0.0     8.65 C    18.0    -1.7     5.1    99.2    59.0    83.6   0.145   0.202   0.158   0.144   0.103     8.0     9.0     9.9    10.9    11.2
54854 20241108  2.622  -84.72   44.91    10.2     0.2     5.2     5.8     0.0     7.02 C    18.8    -2.9     4.6    83.9    52.0    70.2   0.141   0.197   0.155   0.142   0.120     7.2     8.2     9.1    10.3    10.9
54854 20241109  2.622  -84.72   44.91    10.1    -0.6     4.8     4.2     0.0     8.75 C    18.3    -4.1     3.5    84.9    49.6    69.3   0.138   0.195   0.153   0.140   0.132     5.6     6.9     7.9     9.6    10.5
54854 20241110  2.622  -84.72   44.91     8.4     5.0     6.7     6.8     3.0     1.27 C     9.2     4.1     6.9    96.0    74.5    90.2   0.141   0.194   0.152   0.138   0.136     6.9     7.5     8.1     9.2    10.1
54854 20241111  2.622  -84.72   44.91     8.9     0.0     4.4     5.1     5.7     1.20 C    10.2    -0.6     5.2    94.4    73.8    88.4   0.155   0.203   0.156   0.140   0.137     7.1     7.9     8.4     9.2     9.9
54854 20241112  2.622  -84.72   44.91     6.5    -2.8     1.9     1.0     0.0     9.44 C    13.3    -4.1     0.9    90.0    37.1    71.8   0.149   0.202   0.158   0.144   0.140     4.4     5.9     7.1     8.8     9.7
54854 20241113  2.622  -84.72   44.91     7.0    -1.2     2.9     2.9     0.0     5.52 C    10.8    -3.3     1.8    92.6    58.1    79.3   0.144   0.198   0.155   0.142   0.144     3.6     5.0     6.1     8.1     9.3
54854 20241114  2.622  -84.72   44.91     5.4     3.5     4.4     4.8    13.4     0.26 C     5.9     3.5     4.8    97.5    71.3    92.0   0.165   0.211   0.164   0.145   0.146     5.0     5.8     6.4     7.8     8.9
54854 20241115  2.622  -84.72   44.91     8.0     3.0     5.5     5.3     0.2     3.07 C    13.9     0.5     6.1    98.2    74.0    91.7   0.157   0.209   0.164   0.150   0.153     6.2     6.7     6.9     7.7     8.6
54854 20241116  2.622  -84.72   44.91     8.9     4.7     6.8     6.1     0.0     2.93 C    15.8     3.5     6.5    94.7    66.1    82.3   0.148   0.202   0.158   0.145   0.157     6.6     7.1     7.4     8.0     8.6
54854 20241117  2.622  -84.72   44.91     9.6     5.1     7.3     6.7     0.0     0.87 C     9.8     2.0     5.5    88.9    78.0    84.5   0.144   0.198   0.155   0.142   0.154     6.2     7.0     7.4     8.1     8.7
54854 20241118  2.622  -84.72   44.91    11.5    -0.3     5.6     6.2     0.0     7.22 C    17.0    -3.2     4.5    98.7    48.0    75.2   0.142   0.196   0.153   0.141   0.153     5.2     6.2     6.9     7.9     8.7
54854 20241119  2.622  -84.72   44.91     9.8     6.2     8.0     7.8     3.7     0.04 C     8.7     4.9     7.1    96.8    69.9    87.1   0.146   0.197   0.153   0.139   0.152     6.3     6.8     7.1     7.8     8.5
54854 20241120  2.622  -84.72   44.91     8.1     0.2     4.2     4.7     9.8     0.44 C     8.0     0.0     5.0    97.2    84.0    92.9   0.157   0.204   0.157   0.140   0.150     6.4     7.1     7.5     8.0     8.5
54854 20241121  2.622  -84.72   44.91     4.8    -0.3     2.2     1.1     2.2     5.93 C    11.8    -2.0     1.5    97.3    63.6    87.2   0.166   0.213   0.166   0.148   0.152     4.5     5.6     6.5     7.7     8.5
54854 20241122  2.622  -84.72   44.91     5.6    -0.5     2.5     3.5     1.2     1.85 C     9.1    -2.3     3.7    95.7    76.8    90.8   0.153   0.205   0.161   0.148   0.157     4.4     5.3     6.0     7.3     8.2
54854 20241123  2.622  -84.72   44.91     3.9     0.2     2.1     2.4     3.1     3.52 C    10.4     0.7     3.6    96.5    81.7    92.5   0.157   0.206   0.160   0.146   0.157     5.0     5.7     6.2     7.2     8.0
54854 20241124  2.622  -84.72   44.91     2.7    -2.1     0.3     0.0     0.2     3.50 C    10.1    -3.6     1.3    98.1    69.2    88.7   0.152   0.204   0.159   0.145   0.157     4.1     5.1     5.9     7.1     7.9
54854 20241125  2.622  -84.72   44.91     2.9    -1.5     0.7     1.4     6.5     0.14 C     3.1    -1.1     1.7    98.1    87.4    93.3   0.153   0.203   0.157   0.143   0.156     3.2     4.3     5.2     6.7     7.7
54854 20241126  2.622  -84.72   44.91     3.3    -4.0    -0.3    -1.2     4.1     0.01 C     3.1    -4.7    -1.4    97.7    73.8    88.9   0.163   0.211   0.164   0.147   0.156     2.9     4.1     5.0     6.4     7.4
54854 20241127  2.622  -84.72   44.91    -0.7    -3.6    -2.2    -2.2     0.0     2.30 C    -0.7    -5.3    -2.7    86.5    73.1    80.3   0.152   0.205   0.160   0.146   0.157     2.2     3.4     4.4     6.0     7.1
54854 20241128  2.622  -84.72   44.91    -2.3    -4.4    -3.3    -3.1     3.7     0.19 C    -0.9    -7.7    -3.6    95.1    73.4    88.4   0.148   0.201   0.157   0.144   0.157     1.9     3.2     4.1     5.7     6.9
54854 20241129  2.622  -84.72   44.91    -3.6    -5.1    -4.4    -4.4    32.1     1.78 C    -3.5    -5.8    -4.7    94.0    88.6    92.1   0.148   0.200   0.155   0.142   0.155     2.2     3.2     4.0     5.5     6.6
54854 20241130  2.622  -84.72   44.91    -4.6    -6.6    -5.6    -5.8     7.4     2.78 C    -4.9    -8.2    -6.5    93.2    81.2    88.0   0.151   0.201   0.156   0.141   0.153     2.1     3.2     3.9     5.3     6.4
54854 20241201  2.622  -84.72   44.91    -1.4    -6.0    -3.7    -3.8    13.5     1.79 C    -1.4   -15.5    -5.4    95.9    87.8    92.5   0.153   0.202   0.157   0.142   0.153     2.1     3.0     3.8     5.2     6.3
54854 20241202  2.622  -84.72   44.91    -0.8    -6.0    -3.4    -3.6     5.2     3.25 C     0.3   -16.8    -7.2    96.8    81.2    92.3   0.154   0.203   0.157   0.143   0.152     1.9     2.9     3.7     5.0     6.1
54854 20241203  2.622  -84.72   44.91    -2.4    -9.1    -5.7    -4.9     1.8     1.20 C    -2.6   -20.6    -8.6    94.7    75.4    88.2   0.154   0.203   0.157   0.143   0.152     1.8     2.8     3.5     4.9     5.9
54854 20241204  2.622  -84.72   44.91    -2.1    -5.9    -4.0    -3.6    14.6     0.32 C    -0.1    -7.0    -3.9    94.4    87.4    91.9   0.154   0.203   0.157   0.143   0.153     1.7     2.7     3.4     4.7     5.8
54854 20241205  2.622  -84.72   44.91    -5.4    -9.7    -7.6    -6.7     3.8     3.68 C    -6.1   -21.0    -9.4    92.8    65.6    80.9   0.153   0.203   0.158   0.143   0.153     1.6     2.6     3.3     4.6     5.6
54854 20241206  2.622  -84.72   44.91    -4.5    -9.8    -7.2    -6.2     1.8     2.17 C    -5.4   -18.2    -7.6    93.0    72.9    85.2   0.153   0.203   0.158   0.143   0.153     1.6     2.5     3.2     4.5     5.5
54854 20241207  2.622  -84.72   44.91     4.7    -5.3    -0.3    -1.3     4.1     1.66 C    -0.1    -5.7    -3.3    91.6    63.2    82.2   0.154   0.203   0.158   0.143   0.153     1.5     2.4     3.1     4.4     5.4
54854 20241208  2.622  -84.72   44.91     4.3     0.1     2.2     2.2     0.5     2.54 C     0.2    -1.9    -0.2    94.5    68.3    83.5   0.153   0.206   0.158   0.144   0.154     1.4     2.3     3.0     4.2     5.3
54854 20241209  2.622  -84.72   44.91     4.1     0.6     2.3     2.4     3.5     0.52 C     0.2    -3.5    -0.3    98.9    91.9    94.9   0.155   0.214   0.164   0.149   0.162     1.4     2.1     2.9     4.1     5.0
54854 20241210  2.622  -84.72   44.91     2.7    -3.2    -0.2     0.1     1.1     2.44 C     0.5    -3.8    -1.0    94.9    79.4    90.3   0.155   0.210   0.165   0.151   0.167     1.3     2.1     2.7     4.0     4.8
54854 20241211  2.622  -84.72   44.91    -3.1    -8.3    -5.7    -4.5     9.8     1.06 C    -3.2    -9.0    -5.0    94.5    84.0    90.7   0.155   0.206   0.161   0.147   0.163     1.2     2.1     2.7     3.9     4.8
54854 20241212  2.622  -84.72   44.91    -8.3   -13.5   -10.9   -11.1    16.2     2.94 C    -8.6   -19.6   -12.3    89.8    78.2    85.1   0.153   0.205   0.159   0.146   0.161     1.2     2.0     2.6     3.8     4.7
54854 20241213  2.622  -84.72   44.91    -8.5   -14.6   -11.6   -11.4     0.7     0.59 C    -9.2   -27.6   -15.5    90.9    76.7    84.2   0.152   0.203   0.158   0.144   0.158     1.1     2.0     2.6     3.8     4.6
54854 20241214  2.622  -84.72   44.91    -3.0   -13.8    -8.4    -8.1     0.0     4.90 C    -3.8   -26.6   -12.9    86.1    49.5    76.0   0.152   0.202   0.157   0.144   0.157     1.1     2.0     2.5     3.7     4.6
54854 20241215  2.622  -84.72   44.91     1.0    -3.1    -1.1    -0.8     0.3     1.23 C     0.1    -4.8    -1.3    98.7    74.8    92.4   0.151   0.202   0.157   0.142   0.156     1.1     1.9     2.5     3.6     4.5
54854 20241216  2.622  -84.72   44.91     5.1     0.9     3.0     2.8     3.0     0.50 C     0.8    -0.1     0.4    99.0    91.4    97.8   0.151   0.213   0.162   0.146   0.160     1.1     1.8     2.4     3.5     4.4
54854 20241217  2.622  -84.72   44.91     1.6    -1.1     0.2     0.2     0.5     0.24 C    -0.1    -2.4    -1.1    92.9    74.5    80.9   0.153   0.214   0.167   0.154   0.172     1.0     1.6     2.2     3.4     4.1
54854 20241218  2.622  -84.72   44.91    -1.1    -7.6    -4.3    -3.2     0.9     1.00 C    -2.2    -8.6    -4.0    87.5    70.2    80.7   0.153   0.207   0.162   0.149   0.165     1.0     1.6     2.2     3.3     4.1
54854 20241219  2.622  -84.72   44.91    -6.1    -8.2    -7.2    -7.3     0.3     2.17 C    -6.3    -9.2    -8.1    91.6    61.4    75.3   0.151   0.204   0.159   0.146   0.162     1.0     1.7     2.2     3.2     4.1
54854 20241220  2.622  -84.72   44.91    -5.3    -8.4    -6.9    -6.4     3.2     3.17 C    -5.8   -11.0    -7.4    92.5    63.7    82.5   0.149   0.202   0.157   0.144   0.159     1.0     1.7     2.2     3.2     4.0
54854 20241221  2.622  -84.72   44.91    -8.4   -20.4   -14.4   -13.4     0.8     5.16 C    -8.7   -34.3   -19.8    89.7    57.0    76.3   0.148   0.200   0.156   0.142   0.156     0.9     1.7     2.2     3.2     4.0
54854 20241222  2.622  -84.72   44.91    -6.8   -22.2   -14.5   -13.7     0.0     1.73 C    -7.3   -34.1   -18.1    86.9    74.0    80.9   0.146   0.199   0.154   0.141   0.154     0.9     1.7     2.2     3.1     4.0
54854 20241223  2.622  -84.72   44.91    -2.1    -6.8    -4.5    -4.3     8.0     1.06 C    -2.1    -7.7    -4.6    97.0    77.5    87.9   0.145   0.198   0.153   0.140   0.153     0.9     1.6     2.1     3.1     3.9
54854 20241224  2.622  -84.72   44.91    -2.2    -3.7    -3.0    -2.8     0.0     1.55 C    -2.4    -5.2    -3.7    97.1    78.3    88.3   0.146   0.198   0.153   0.139   0.151     0.9     1.6     2.1     3.1     3.9
54854 20241225  2.622  -84.72   44.91    -2.4    -3.8    -3.1    -3.1     0.0     1.05 C    -3.7    -5.9    -4.5    80.3    73.6    76.5   0.146   0.198   0.153   0.139   0.150     0.8     1.6     2.0     3.0     3.8
54854 20241226  2.622  -84.72   44.91     1.9    -4.2    -1.1    -1.2     0.0     1.22 C     0.3    -7.4    -1.8    98.8    74.4    94.0   0.147   0.198   0.154   0.138   0.149     0.8     1.5     2.0     3.0     3.8
54854 20241227  2.622  -84.72   44.91     2.4     1.3     1.9     1.8     8.9     0.91 C     0.4     0.0     0.2    98.7    96.5    97.5   0.165   0.212   0.160   0.144   0.155     0.7     1.4     1.9     2.9     3.7
54854 20241228  2.622  -84.72   44.91     6.4     2.1     4.2     4.5     2.6     0.33 C     1.7    -0.1     0.4    98.2    81.5    92.1   0.191   0.222   0.174   0.161   0.176     0.6     1.3     1.8     2.8     3.4
54854 20241229  2.622  -84.72   44.91     3.9     0.1     2.0     1.5     7.9     0.59 C     0.2    -0.2     0.0    99.0    91.0    97.8   0.177   0.216   0.171   0.158   0.174     0.6     1.2     1.7     2.6     3.2
54854 20241230  2.622  -84.72   44.91     1.1    -0.1     0.5     0.4     3.9     1.71 C     0.1    -1.3    -0.2    97.1    80.6    89.7   0.169   0.211   0.166   0.153   0.169     0.6     1.2     1.6     2.5     3.2
54854 20241231  2.622  -84.72   44.91    -0.1    -2.2    -1.1    -1.0     0.0     2.32 C     0.1    -4.8    -1.5    91.6    82.3    88.1   0.164   0.207   0.162   0.148   0.164     0.6     1.2     1.7     2.6     3.2
